Avanza  12
        15
        16
        21
        24
        27
        29
        35
        40
        42
        44
        46
Derecha 8
        10
        13
        20
        22
        23
        26
        30
        31
        32
        33
        36
        38
        41
        48
        49
        50
Detente 5
        13
        18
        24
        33
        50
Gira    1
        6
        9
        11
        13
        15
        16
        18
        24
        26
        29
        39
        42
        48
        50
Izq     10
        16
        19
        31
        42
        44
